[gd_scene load_steps=5 format=2]

[ext_resource path="res://blokoj/kosmostacioj/espero/resursoj/Stars Sphere.jpg" type="Texture" id=1]
[ext_resource path="res://blokoj/kosmostacioj/espero/hangaroutside.tscn" type="PackedScene" id=2]

[sub_resource type="PanoramaSky" id=1]
panorama = ExtResource( 1 )

[sub_resource type="Environment" id=2]
background_mode = 2
background_sky = SubResource( 1 )

[node name="stacio" type="Spatial"]

[node name="WorldEnvironment" type="WorldEnvironment" parent="."]
environment = SubResource( 2 )

[node name="Camera" type="Camera" parent="."]
transform = Transform( -0.996341, 0.0238177, -0.0820827, 0, 0.960386, 0.278673, 0.0854684, 0.277653, -0.956872, -12.1555, 64.7866, -164.458 )
far = 2000.0

[node name="DirectionalLight" type="DirectionalLight" parent="."]
transform = Transform( 0.102566, -0.313197, -0.944134, 0.0338251, 0.949688, -0.311365, 0.994151, -1.87355e-08, 0.107999, -287.365, -111.909, 0 )
light_energy = 0.58

[node name="DirectionalLight2" type="DirectionalLight" parent="."]
transform = Transform( -0.784021, 0.342883, -0.517438, -0.067358, 0.781673, 0.620041, 0.617069, 0.520979, -0.589752, 141.034, 70.4649, -231.409 )
light_energy = 0.98

[node name="DirectionalLight3" type="DirectionalLight" parent="."]
transform = Transform( -0.0510199, 0.774365, 0.630679, 0.785253, -0.359084, 0.504417, 0.617069, 0.520979, -0.589752, 230.329, 163.74, -9.00891 )
light_energy = 0.5

[node name="hangaroutside" parent="." instance=ExtResource( 2 )]

[node name="hangaroutside2" parent="." instance=ExtResource( 2 )]
transform = Transform( 1, 0, 0, 0, 1, 0, 0, 0, 1, 0, 40, 0 )

[node name="hangaroutside3" parent="." instance=ExtResource( 2 )]
transform = Transform( -1, 0, -3.25841e-07, 0, 1, 0, 3.25841e-07, 0, -1, 0, 40, 155 )

[node name="hangaroutside4" parent="." instance=ExtResource( 2 )]
transform = Transform( -1, 0, -3.25841e-07, 0, 1, 0, 3.25841e-07, 0, -1, 0, 0, 155 )

[node name="hangaroutside5" parent="." instance=ExtResource( 2 )]
transform = Transform( 2.65431e-14, 1.62921e-07, 1, 1, -1.62921e-07, 0, 1.62921e-07, 1, -1.62921e-07, -117.483, 40, -40 )

[node name="hangaroutside11" parent="." instance=ExtResource( 2 )]
transform = Transform( 1, -1.62921e-07, -4.37114e-08, -4.37114e-08, -1.62921e-07, -1, 1.62921e-07, 1, -1.62921e-07, -0.76, 158, -1.0311 )

[node name="hangaroutside12" parent="." instance=ExtResource( 2 )]
transform = Transform( 1, -1.62921e-07, -4.37114e-08, -4.37114e-08, -1.62921e-07, -1, 1.62921e-07, 1, -1.62921e-07, -0.76, 158, 76.7815 )

[node name="hangaroutside13" parent="." instance=ExtResource( 2 )]
transform = Transform( 1, -1.62921e-07, -4.37114e-08, -4.37114e-08, -1.62921e-07, -1, 1.62921e-07, 1, -1.62921e-07, -0.76, 158, 156.617 )

[node name="hangaroutside16" parent="." instance=ExtResource( 2 )]
transform = Transform( -1, 1.62921e-07, -4.37114e-08, -4.37114e-08, 1.62921e-07, 1, 1.62921e-07, 1, -1.62921e-07, -0.76, -77.9985, -1.0311 )

[node name="hangaroutside15" parent="." instance=ExtResource( 2 )]
transform = Transform( -1, 1.62921e-07, -4.37114e-08, -4.37114e-08, 1.62921e-07, 1, 1.62921e-07, 1, -1.62921e-07, -0.76, -77.9985, 76.7815 )

[node name="hangaroutside14" parent="." instance=ExtResource( 2 )]
transform = Transform( -1, 1.62921e-07, -4.37114e-08, -4.37114e-08, 1.62921e-07, 1, 1.62921e-07, 1, -1.62921e-07, -0.76, -77.9985, 156.617 )

[node name="hangaroutside8" parent="." instance=ExtResource( 2 )]
transform = Transform( -4.07861e-14, -2.50343e-07, -1, 1, -1.62921e-07, 0, -1.62921e-07, -1, 2.50343e-07, 117.826, 40, 0.22578 )

[node name="hangaroutside9" parent="." instance=ExtResource( 2 )]
transform = Transform( -4.07861e-14, -2.50343e-07, -1, 1, -1.62921e-07, 0, -1.62921e-07, -1, 2.50343e-07, 117.826, 40, 76.9156 )

[node name="hangaroutside10" parent="." instance=ExtResource( 2 )]
transform = Transform( -4.07861e-14, -2.50343e-07, -1, 1, -1.62921e-07, 0, -1.62921e-07, -1, 2.50343e-07, 117.826, 40, 155.351 )

[node name="hangaroutside6" parent="." instance=ExtResource( 2 )]
transform = Transform( 2.65431e-14, 1.62921e-07, 1, 1, -1.62921e-07, 0, 1.62921e-07, 1, -1.62921e-07, -117.483, 40, 38 )

[node name="hangaroutside7" parent="." instance=ExtResource( 2 )]
transform = Transform( 2.65431e-14, 1.62921e-07, 1, 1, -1.62921e-07, 0, 1.62921e-07, 1, -1.62921e-07, -117.483, 40, 116.997 )
